{
  "advancedEditorSelectedIdentifier" : "ShaderGraphEditorPluginID",
  "openSceneRelativePaths" : [
    "Immersive.usda"
  ],
  "recentIdentifiers" : {
    "AF09ED6F-1707-48FD-8720-65B998362C09" : [

    ]
  },
  "sceneCameraHistory" : {
    "AF09ED6F-1707-48FD-8720-65B998362C09" : [
      {
        "date" : 749431033.304127,
        "title" : "Untitled",
        "transform" : [
          -0.98260736,
          -3.930465e-09,
          -0.18569523,
          0,
          -0.059017174,
          0.94815195,
          0.31228969,
          0,
          0.1760673,
          0.31781736,
          -0.93166107,
          0,
          0.09368098,
          0.31650212,
          -0.20166801,
          1
        ]
      },
      {
        "date" : 749431029.887503,
        "title" : "Untitled",
        "transform" : [
          -0.88762563,
          -1.0020827e-08,
          -0.46056548,
          0,
          -0.18855622,
          0.9123543,
          0.3633953,
          0,
          0.42019892,
          0.4094015,
          -0.8098291,
          0,
          0.09368098,
          0.31650212,
          -0.20166801,
          1
        ]
      },
      {
        "date" : 749427971.248278,
        "title" : "Untitled",
        "transform" : [
          -0.75674206,
          -0.009862787,
          0.6536391,
          0,
          0.30320093,
          0.88053674,
          0.3643133,
          0,
          -0.5791464,
          0.4738752,
          -0.6633488,
          0,
          0.0992363,
          0.26430696,
          -0.2507888,
          1
        ]
      },
      {
        "date" : 749397017.553548,
        "title" : "Untitled",
        "transform" : [
          -0.75674206,
          -0.009862787,
          0.6536391,
          0,
          0.30320093,
          0.88053674,
          0.3643133,
          0,
          -0.5791464,
          0.4738752,
          -0.6633488,
          0,
          0.1254527,
          0.24285585,
          -0.22076075,
          1
        ]
      },
      {
        "date" : 749317910.210774,
        "title" : "Untitled",
        "transform" : [
          -0.7567421,
          -0.0098627815,
          0.65363914,
          0,
          0.30320093,
          0.8805368,
          0.36431336,
          0,
          -0.5791464,
          0.47387522,
          -0.6633489,
          0,
          -0.3779378,
          0.59671396,
          -0.4566559,
          1
        ]
      },
      {
        "date" : 749317906.387772,
        "title" : "Untitled",
        "transform" : [
          -0.7567421,
          -0.0098627815,
          0.65363914,
          0,
          0.30320093,
          0.8805368,
          0.36431336,
          0,
          -0.5791464,
          0.47387522,
          -0.6633489,
          0,
          -0.087542795,
          0.2323435,
          -0.20314974,
          1
        ]
      },
      {
        "date" : 749316850.712905,
        "title" : "Untitled",
        "transform" : [
          -0.7567421,
          -0.0098627815,
          0.65363914,
          0,
          0.30320093,
          0.8805368,
          0.36431336,
          0,
          -0.5791464,
          0.47387522,
          -0.6633489,
          0,
          -0.09556953,
          0.24241492,
          -0.2101568,
          1
        ]
      },
      {
        "date" : 749316848.802607,
        "title" : "Untitled",
        "transform" : [
          -0.7567421,
          -0.0098627815,
          0.65363914,
          0,
          0.30320093,
          0.8805368,
          0.36431336,
          0,
          -0.5791464,
          0.47387522,
          -0.6633489,
          0,
          -0.049885653,
          0.2266402,
          -0.1825108,
          1
        ]
      },
      {
        "date" : 749316839.976772,
        "title" : "Untitled",
        "transform" : [
          -0.7567421,
          -0.0098627815,
          0.65363914,
          0,
          0.30320093,
          0.8805368,
          0.36431336,
          0,
          -0.5791464,
          0.47387522,
          -0.6633489,
          0,
          0.05112068,
          0.19176243,
          -0.12138589,
          1
        ]
      },
      {
        "date" : 749206951.747949,
        "title" : "Untitled",
        "transform" : [
          -0.7567421,
          -0.0098627815,
          0.65363914,
          0,
          0.30320093,
          0.8805368,
          0.36431336,
          0,
          -0.5791464,
          0.47387522,
          -0.6633489,
          0,
          -0.30937186,
          0.31624073,
          -0.3395409,
          1
        ]
      }
    ]
  },
  "sceneViewportBackgroundColors" : {

  },
  "selectedSceneRelativePath" : "Immersive.usda"
}