{
  "advancedEditorSelectedIdentifier" : "ShaderGraphEditorPluginID",
  "openSceneRelativePaths" : [
    "Immersive.usda"
  ],
  "recentIdentifiers" : {
    "AF09ED6F-1707-48FD-8720-65B998362C09" : [

    ]
  },
  "sceneCameraHistory" : {
    "AF09ED6F-1707-48FD-8720-65B998362C09" : [
      {
        "date" : 749317910.210774,
        "title" : "Untitled",
        "transform" : [
          -0.7567421,
          -0.0098627815,
          0.65363914,
          0,
          0.30320093,
          0.8805368,
          0.36431336,
          0,
          -0.5791464,
          0.47387522,
          -0.6633489,
          0,
          -0.3779378,
          0.59671396,
          -0.4566559,
          1
        ]
      },
      {
        "date" : 749317906.387772,
        "title" : "Untitled",
        "transform" : [
          -0.7567421,
          -0.0098627815,
          0.65363914,
          0,
          0.30320093,
          0.8805368,
          0.36431336,
          0,
          -0.5791464,
          0.47387522,
          -0.6633489,
          0,
          -0.087542795,
          0.2323435,
          -0.20314974,
          1
        ]
      },
      {
        "date" : 749316850.712905,
        "title" : "Untitled",
        "transform" : [
          -0.7567421,
          -0.0098627815,
          0.65363914,
          0,
          0.30320093,
          0.8805368,
          0.36431336,
          0,
          -0.5791464,
          0.47387522,
          -0.6633489,
          0,
          -0.09556953,
          0.24241492,
          -0.2101568,
          1
        ]
      },
      {
        "date" : 749316848.802607,
        "title" : "Untitled",
        "transform" : [
          -0.7567421,
          -0.0098627815,
          0.65363914,
          0,
          0.30320093,
          0.8805368,
          0.36431336,
          0,
          -0.5791464,
          0.47387522,
          -0.6633489,
          0,
          -0.049885653,
          0.2266402,
          -0.1825108,
          1
        ]
      },
      {
        "date" : 749316839.976772,
        "title" : "Untitled",
        "transform" : [
          -0.7567421,
          -0.0098627815,
          0.65363914,
          0,
          0.30320093,
          0.8805368,
          0.36431336,
          0,
          -0.5791464,
          0.47387522,
          -0.6633489,
          0,
          0.05112068,
          0.19176243,
          -0.12138589,
          1
        ]
      },
      {
        "date" : 749206951.747949,
        "title" : "Untitled",
        "transform" : [
          -0.7567421,
          -0.0098627815,
          0.65363914,
          0,
          0.30320093,
          0.8805368,
          0.36431336,
          0,
          -0.5791464,
          0.47387522,
          -0.6633489,
          0,
          -0.30937186,
          0.31624073,
          -0.3395409,
          1
        ]
      },
      {
        "date" : 749163840.384344,
        "title" : "Untitled",
        "transform" : [
          -0.7567421,
          -0.0098627815,
          0.65363914,
          0,
          0.30320093,
          0.8805368,
          0.36431336,
          0,
          -0.5791464,
          0.47387522,
          -0.6633489,
          0,
          -0.54811704,
          0.38626727,
          -0.6015676,
          1
        ]
      },
      {
        "date" : 749163404.760465,
        "title" : "Untitled",
        "transform" : [
          -0.7567421,
          -0.0098627815,
          0.65363914,
          0,
          0.30320093,
          0.8805368,
          0.36431336,
          0,
          -0.5791464,
          0.47387522,
          -0.6633489,
          0,
          -0.22971454,
          0.16188371,
          -0.2521156,
          1
        ]
      },
      {
        "date" : 749163398.478229,
        "title" : "Untitled",
        "transform" : [
          -0.123329684,
          -0.0098627815,
          0.9923167,
          0,
          0.58802104,
          0.80477154,
          0.08108072,
          0,
          -0.79938793,
          0.59350276,
          -0.09345272,
          0,
          -0.31342626,
          0.20841837,
          -0.029379487,
          1
        ]
      },
      {
        "date" : 749163394.149831,
        "title" : "Untitled",
        "transform" : [
          -0.12332958,
          -0.0098627955,
          0.99231684,
          0,
          0.58802104,
          0.8047716,
          0.08108064,
          0,
          -0.799388,
          0.59350276,
          -0.093452595,
          0,
          -4.1536956,
          3.4990242,
          -0.712233,
          1
        ]
      }
    ]
  },
  "sceneViewportBackgroundColors" : {

  },
  "selectedSceneRelativePath" : "Immersive.usda"
}