{
  "advancedEditorSelectedIdentifier" : "ShaderGraphEditorPluginID",
  "openSceneRelativePaths" : [
    "Immersive.usda"
  ],
  "recentIdentifiers" : {
    "AF09ED6F-1707-48FD-8720-65B998362C09" : [

    ]
  },
  "sceneCameraHistory" : {
    "AF09ED6F-1707-48FD-8720-65B998362C09" : [
      {
        "date" : 749206951.747949,
        "title" : "Untitled",
        "transform" : [
          -0.7567421,
          -0.0098627815,
          0.65363914,
          0,
          0.30320093,
          0.8805368,
          0.36431336,
          0,
          -0.5791464,
          0.47387522,
          -0.6633489,
          0,
          -0.30937186,
          0.31624073,
          -0.3395409,
          1
        ]
      },
      {
        "date" : 749163840.384344,
        "title" : "Untitled",
        "transform" : [
          -0.7567421,
          -0.0098627815,
          0.65363914,
          0,
          0.30320093,
          0.8805368,
          0.36431336,
          0,
          -0.5791464,
          0.47387522,
          -0.6633489,
          0,
          -0.54811704,
          0.38626727,
          -0.6015676,
          1
        ]
      },
      {
        "date" : 749163404.760465,
        "title" : "Untitled",
        "transform" : [
          -0.7567421,
          -0.0098627815,
          0.65363914,
          0,
          0.30320093,
          0.8805368,
          0.36431336,
          0,
          -0.5791464,
          0.47387522,
          -0.6633489,
          0,
          -0.22971454,
          0.16188371,
          -0.2521156,
          1
        ]
      },
      {
        "date" : 749163398.478229,
        "title" : "Untitled",
        "transform" : [
          -0.123329684,
          -0.0098627815,
          0.9923167,
          0,
          0.58802104,
          0.80477154,
          0.08108072,
          0,
          -0.79938793,
          0.59350276,
          -0.09345272,
          0,
          -0.31342626,
          0.20841837,
          -0.029379487,
          1
        ]
      },
      {
        "date" : 749163394.149831,
        "title" : "Untitled",
        "transform" : [
          -0.12332958,
          -0.0098627955,
          0.99231684,
          0,
          0.58802104,
          0.8047716,
          0.08108064,
          0,
          -0.799388,
          0.59350276,
          -0.093452595,
          0,
          -4.1536956,
          3.4990242,
          -0.712233,
          1
        ]
      },
      {
        "date" : 749160015.566611,
        "title" : "Untitled",
        "transform" : [
          -0.12332958,
          -0.0098627955,
          0.99231684,
          0,
          0.58802104,
          0.8047716,
          0.08108064,
          0,
          -0.799388,
          0.59350276,
          -0.093452595,
          0,
          -1.4274958,
          1.2025058,
          -0.24477239,
          1
        ]
      },
      {
        "date" : 749159978.222663,
        "title" : "Untitled",
        "transform" : [
          0.5884811,
          -8.42865e-08,
          0.808511,
          0,
          0.59491324,
          0.6771843,
          -0.43301228,
          0,
          -0.54751086,
          0.7358134,
          0.39851022,
          0,
          -0.7349681,
          0.9576887,
          0.17958839,
          1
        ]
      },
      {
        "date" : 749153941.488415,
        "title" : "Untitled",
        "transform" : [
          0.5884811,
          -8.42865e-08,
          0.808511,
          0,
          0.59491324,
          0.6771843,
          -0.43301228,
          0,
          -0.54751086,
          0.7358134,
          0.39851022,
          0,
          -0.33890066,
          0.43802086,
          0.082809895,
          1
        ]
      },
      {
        "date" : 749153907.976504,
        "title" : "Untitled",
        "transform" : [
          0.9821014,
          6.3851924e-11,
          0.18835361,
          0,
          0.027286299,
          0.9894511,
          -0.14227445,
          0,
          -0.18636669,
          0.14486739,
          0.9717412,
          0,
          -0.08751867,
          -0.027130026,
          0.40652063,
          1
        ]
      },
      {
        "date" : 749153865.604713,
        "title" : "Untitled",
        "transform" : [
          0.99974996,
          -0.00017681396,
          -0.022360163,
          0,
          -0.02083431,
          0.35577226,
          -0.9343405,
          0,
          0.00812033,
          0.9345727,
          0.3556796,
          0,
          -0.087512955,
          0.79762864,
          0.3528307,
          1
        ]
      }
    ]
  },
  "sceneViewportBackgroundColors" : {

  },
  "selectedSceneRelativePath" : "Immersive.usda"
}